1.6090E+00,  6.0639E+06,  0.0000E+00
  1.6270E+00,  6.0639E+06,  0.0000E+00
  1.6452E+00,  6.0639E+06,  0.0000E+00
  1.6636E+00,  6.0639E+06,  0.0000E+00
  1.6823E+00,  6.0639E+06,  0.0000E+00
  1.7011E+00,  6.0639E+06,  0.0000E+00
  1.7202E+00,  6.0639E+06,  0.0000E+00
  1.7394E+00,  6.0639E+06,  0.0000E+00
  1.7589E+00,  6.0639E+06,  0.0000E+00
  1.7786E+00,  6.0639E+06,  0.0000E+00
  1.7985E+00,  6.0639E+06,  0.0000E+00
  1.8187E+00,  6.0639E+06,  0.0000E+00
  1.8390E+00,  6.0639E+06,  0.0000E+00
  1.8596E+00,  6.0639E+06,  0.0000E+00
  1.8805E+00,  6.0639E+06,  0.0000E+00
  1.9015E+00,  6.0639E+06,  0.0000E+00
  1.9228E+00,  6.0639E+06,  0.0000E+00
  1.9444E+00,  6.0639E+06,  0.0000E+00
  1.9661E+00,  6.0639E+06,  0.0000E+00
  1.9882E+00,  6.0639E+06,  0.0000E+00
  2.0104E+00,  6.0639E+06,  0.0000E+00
  2.0330E+00,  6.0639E+06,  0.0000E+00
  2.0557E+00,  6.0639E+06,  0.0000E+00
  2.0788E+00,  6.0639E+06,  0.0000E+00
  2.1020E+00,  6.0639E+06,  0.0000E+00
  2.1256E+00,  6.0639E+06,  0.0000E+00
  2.1494E+00,  6.0639E+06,  0.0000E+00
  2.1735E+00,  6.0639E+06,  0.0000E+00
  2.1978E+00,  6.0639E+06,  0.0000E+00
  2.2224E+00,  6.0639E+06,  0.0000E+00
  2.2473E+00,  6.0639E+06,  1.0885E+04
  2.2725E+00,  6.0637E+06,  1.5282E+04
  2.2979E+00,  6.0633E+06,  1.5282E+04
  2.3237E+00,  6.0629E+06,  1.5282E+04
  2.3497E+00,  6.0625E+06,  2.0586E+04
  2.3760E+00,  6.0620E+06,  3.9267E+04
  2.4026E+00,  6.0609E+06,  3.9267E+04
  2.4295E+00,  6.0599E+06,  3.9267E+04
  2.4568E+00,  6.0588E+06,  3.9267E+04
  2.4843E+00,  6.0577E+06,  3.7127E+04
  2.5121E+00,  6.0567E+06,  3.6998E+04
  2.5402E+00,  6.0557E+06,  3.6998E+04
  2.5687E+00,  6.0546E+06,  3.6998E+04
  2.5975E+00,  6.0536E+06,  3.6998E+04
  2.6265E+00,  6.0525E+06,  3.6998E+04
  2.6560E+00,  6.0514E+06,  3.9748E+04
  2.6857E+00,  6.0502E+06,  5.4091E+04
  2.7158E+00,  6.0486E+06,  5.4091E+04
  2.7462E+00,  6.0470E+06,  5.4091E+04
  2.7770E+00,  6.0453E+06,  5.6717E+04
  2.8081E+00,  6.0436E+06,  6.2182E+04
  2.8395E+00,  6.0416E+06,  6.2182E+04
  2.8713E+00,  6.0397E+06,  6.2182E+04
  2.9035E+00,  6.0377E+06,  6.2182E+04
  2.9360E+00,  6.0357E+06,  6.2182E+04
  2.9689E+00,  6.0336E+06,  6.2801E+04
  3.0022E+00,  6.0315E+06,  7.6472E+04
  3.0358E+00,  6.0290E+06,  7.6472E+04
  3.0698E+00,  6.0264E+06,  7.6472E+04
  3.1042E+00,  6.0238E+06,  7.6472E+04
  3.1389E+00,  6.0211E+06,  7.6472E+04
  3.1741E+00,  6.0185E+06,  7.7045E+04
  3.2096E+00,  6.0158E+06,  7.7403E+04
  3.2456E+00,  6.0130E+06,  7.7403E+04
  3.2819E+00,  6.0102E+06,  7.7403E+04
  3.3187E+00,  6.0074E+06,  7.7403E+04
  3.3559E+00,  6.0045E+06,  7.7403E+04
  3.3935E+00,  6.0016E+06,  7.7403E+04
  3.4315E+00,  5.9987E+06,  8.0940E+04
  3.4699E+00,  5.9956E+06,  1.1139E+05
  3.5088E+00,  5.9913E+06,  1.1139E+05
  3.5481E+00,  5.9869E+06,  1.1139E+05
  3.5878E+00,  5.9825E+06,  1.1139E+05
  3.6280E+00,  5.9781E+06,  1.0385E+05
  3.6686E+00,  5.9739E+06,  9.3666E+04
  3.7097E+00,  5.9700E+06,  9.3666E+04
  3.7513E+00,  5.9662E+06,  9.3666E+04
  3.7933E+00,  5.9623E+06,  9.3666E+04
  3.8358E+00,  5.9583E+06,  9.3666E+04
  3.8787E+00,  5.9543E+06,  9.3666E+04
  3.9222E+00,  5.9503E+06,  1.0376E+05
  3.9661E+00,  5.9457E+06,  1.3226E+05
  4.0105E+00,  5.9399E+06,  1.3226E+05
  4.0554E+00,  5.9340E+06,  1.3226E+05
  4.1009E+00,  5.9280E+06,  1.3226E+05
  4.1468E+00,  5.9220E+06,  1.3226E+05
  4.1933E+00,  5.9158E+06,  1.3226E+05
  4.2402E+00,  5.9097E+06,  1.4151E+05
  4.2877E+00,  5.9030E+06,  1.4700E+05
  4.3357E+00,  5.8960E+06,  1.4700E+05
  4.3843E+00,  5.8889E+06,  1.4700E+05
  4.4334E+00,  5.8817E+06,  1.4700E+05
  4.4831E+00,  5.8744E+06,  1.4700E+05
  4.5333E+00,  5.8671E+06,  1.4700E+05
  4.5840E+00,  5.8597E+06,  1.4700E+05
  4.6354E+00,  5.8522E+06,  1.6947E+05
  4.6873E+00,  5.8434E+06,  1.8418E+05
  4.7398E+00,  5.8338E+06,  1.8418E+05
  4.7929E+00,  5.8241E+06,  1.8418E+05
  4.8466E+00,  5.8142E+06,  1.8418E+05
  4.9009E+00,  5.8043E+06,  1.8418E+05
  4.9558E+00,  5.7942E+06,  1.8418E+05
  5.0113E+00,  5.7841E+06,  1.8418E+05
  5.0674E+00,  5.7738E+06,  1.8418E+05
  5.1241E+00,  5.7634E+06,  1.7915E+05
  5.1815E+00,  5.7532E+06,  1.7540E+05
  5.2396E+00,  5.7431E+06,  1.7540E+05
  5.2983E+00,  5.7328E+06,  1.7540E+05
  5.3576E+00,  5.7225E+06,  1.7540E+05
  5.4176E+00,  5.7120E+06,  1.7540E+05
  5.4783E+00,  5.7014E+06,  2.0178E+05
  5.5397E+00,  5.6891E+06,  2.2851E+05
  5.6017E+00,  5.6750E+06,  2.2851E+05
  5.6644E+00,  5.6608E+06,  2.2851E+05
  5.7279E+00,  5.6463E+06,  2.2851E+05
  5.7920E+00,  5.6318E+06,  2.2851E+05
  5.8569E+00,  5.6170E+06,  2.1037E+05
  5.9225E+00,  5.6033E+06,  2.0599E+05
  5.9889E+00,  5.5897E+06,  2.0599E+05
  6.0559E+00,  5.5760E+06,  2.0599E+05
  6.1238E+00,  5.5621E+06,  2.0599E+05
  6.1923E+00,  5.5480E+06,  2.0599E+05
  6.2617E+00,  5.5338E+06,  2.0599E+05
  6.3318E+00,  5.5194E+06,  2.1325E+05
  6.4028E+00,  5.5044E+06,  2.7810E+05
  6.4745E+00,  5.4846E+06,  2.7810E+05
  6.5470E+00,  5.4645E+06,  2.7810E+05
  6.6203E+00,  5.4442E+06,  2.7810E+05
  6.6945E+00,  5.4237E+06,  2.7810E+05
  6.7695E+00,  5.4030E+06,  2.7810E+05
  6.8453E+00,  5.3820E+06,  2.7804E+05
  6.9219E+00,  5.3608E+06,  2.6697E+05
  6.9995E+00,  5.3402E+06,  2.6697E+05
  7.0779E+00,  5.3194E+06,  2.6697E+05
  7.1571E+00,  5.2984E+06,  2.6697E+05
  7.2373E+00,  5.2771E+06,  2.6697E+05
  7.3184E+00,  5.2556E+06,  2.6697E+05
  7.4003E+00,  5.2338E+06,  2.6697E+05
  7.4832E+00,  5.2118E+06,  2.6697E+05
  7.5670E+00,  5.1896E+06,  2.7234E+05
  7.6518E+00,  5.1666E+06,  2.7343E+05
  7.7375E+00,  5.1433E+06,  2.7343E+05
  7.8242E+00,  5.1197E+06,  2.7343E+05
  7.9118E+00,  5.0959E+06,  2.7343E+05
  8.0004E+00,  5.0718E+06,  2.7343E+05
  8.0900E+00,  5.0475E+06,  2.7343E+05
  8.1806E+00,  5.0228E+06,  2.7343E+05
  8.2723E+00,  4.9979E+06,  2.7783E+05
  8.3649E+00,  4.9723E+06,  2.8306E+05
  8.4586E+00,  4.9459E+06,  2.8306E+05
  8.5534E+00,  4.9193E+06,  2.8306E+05
  8.6492E+00,  4.8923E+06,  2.8306E+05
  8.7460E+00,  4.8650E+06,  2.8306E+05
  8.8440E+00,  4.8375E+06,  2.8306E+05
  8.9430E+00,  4.8096E+06,  2.8306E+05
  9.0432E+00,  4.7814E+06,  2.8307E+05
  9.1445E+00,  4.7529E+06,  2.8307E+05
  9.2469E+00,  4.7240E+06,  3.1557E+05
  9.3505E+00,  4.6915E+06,  3.1989E+05
  9.4552E+00,  4.6582E+06,  3.1989E+05
  9.5611E+00,  4.6245E+06,  3.1989E+05
  9.6682E+00,  4.5905E+06,  3.1989E+05
  9.7765E+00,  4.5560E+06,  3.1989E+05
  9.8860E+00,  4.5212E+06,  2.7652E+05
  9.9967E+00,  4.4907E+06,  2.6504E+05
  1.0109E+01,  4.4612E+06,  2.6504E+05
  1.0222E+01,  4.4314E+06,  2.6504E+05
  1.0336E+01,  4.4012E+06,  2.6504E+05
  1.0452E+01,  4.3707E+06,  2.6504E+05
  1.0569E+01,  4.3398E+06,  2.6504E+05
  1.0688E+01,  4.3086E+06,  2.6504E+05
  1.0807E+01,  4.2771E+06,  3.0044E+05
  1.0928E+01,  4.2409E+06,  3.1795E+05
  1.1051E+01,  4.2022E+06,  3.1795E+05
  1.1175E+01,  4.1631E+06,  3.1795E+05
  1.1300E+01,  4.1235E+06,  3.1795E+05
  1.1426E+01,  4.0835E+06,  3.1795E+05
  1.1554E+01,  4.0430E+06,  3.1795E+05
  1.1684E+01,  4.0021E+06,  3.0035E+05
  1.1815E+01,  3.9630E+06,  2.3827E+05
  1.1947E+01,  3.9317E+06,  2.3827E+05
  1.2081E+01,  3.9000E+06,  2.3827E+05
  1.2216E+01,  3.8679E+06,  2.3827E+05
  1.2353E+01,  3.8355E+06,  2.3827E+05
  1.2491E+01,  3.8027E+06,  2.3827E+05
  1.2631E+01,  3.7695E+06,  2.3827E+05
  1.2773E+01,  3.7360E+06,  2.3827E+05
  1.2916E+01,  3.7021E+06,  2.3827E+05
  1.3060E+01,  3.6679E+06,  2.3827E+05
  1.3207E+01,  3.6332E+06,  2.5625E+05
  1.3354E+01,  3.5955E+06,  2.7349E+05
  1.3504E+01,  3.5548E+06,  2.7349E+05
  1.3655E+01,  3.5137E+06,  2.7349E+05
  1.3808E+01,  3.4721E+06,  2.7349E+05
  1.3963E+01,  3.4300E+06,  2.7349E+05
  1.4119E+01,  3.3875E+06,  2.5489E+05
  1.4277E+01,  3.3474E+06,  2.4480E+05
  1.4437E+01,  3.3085E+06,  2.4480E+05
  1.4599E+01,  3.2691E+06,  2.4480E+05
  1.4763E+01,  3.2293E+06,  2.4480E+05
  1.4928E+01,  3.1891E+06,  2.4480E+05
  1.5095E+01,  3.1483E+06,  2.4480E+05
  1.5264E+01,  3.1072E+06,  2.4480E+05
  1.5435E+01,  3.0656E+06,  2.4480E+05
  1.5608E+01,  3.0235E+06,  2.3503E+05
  1.5783E+01,  2.9826E+06,  2.2799E+05
  1.5960E+01,  2.9425E+06,  2.2799E+05
  1.6138E+01,  2.9020E+06,  2.2799E+05
  1.6319E+01,  2.8610E+06,  2.2799E+05
  1.6502E+01,  2.8196E+06,  2.2799E+05
  1.6687E+01,  2.7777E+06,  2.2799E+05
  1.6874E+01,  2.7353E+06,  2.2325E+05
  1.7063E+01,  2.6934E+06,  1.7754E+05
  1.7254E+01,  2.6596E+06,  1.7754E+05
  1.7447E+01,  2.6255E+06,  1.7754E+05
  1.7642E+01,  2.5910E+06,  1.7754E+05
  1.7840E+01,  2.5561E+06,  1.7754E+05
  1.8040E+01,  2.5208E+06,  1.7754E+05
  1.8242E+01,  2.4852E+06,  1.7754E+05
  1.8446E+01,  2.4491E+06,  1.7754E+05
  1.8653E+01,  2.4126E+06,  1.7755E+05
  1.8862E+01,  2.3757E+06,  1.8407E+05
  1.9073E+01,  2.3371E+06,  1.9087E+05
  1.9287E+01,  2.2965E+06,  1.9087E+05
  1.9503E+01,  2.2555E+06,  1.9087E+05
  1.9721E+01,  2.2140E+06,  1.9087E+05
  1.9942E+01,  2.1721E+06,  1.9087E+05
  2.0165E+01,  2.1297E+06,  1.5160E+05
  2.0391E+01,  2.0957E+06,  1.2681E+05
  2.0620E+01,  2.0669E+06,  1.2681E+05
  2.0851E+01,  2.0378E+06,  1.2681E+05
  2.1084E+01,  2.0083E+06,  1.2681E+05
  2.1320E+01,  1.9785E+06,  1.2681E+05
  2.1559E+01,  1.9484E+06,  1.2681E+05
  2.1801E+01,  1.9180E+06,  1.2681E+05
  2.2045E+01,  1.8872E+06,  1.2716E+05
  2.2292E+01,  1.8559E+06,  1.2981E+05
  2.2541E+01,  1.8237E+06,  1.2981E+05
  2.2794E+01,  1.7911E+06,  1.2981E+05
  2.3049E+01,  1.7582E+06,  1.2981E+05
  2.3307E+01,  1.7248E+06,  1.2980E+05
  2.3568E+01,  1.6912E+06,  1.2980E+05
  2.3832E+01,  1.6571E+06,  1.2980E+05
  2.4099E+01,  1.6226E+06,  1.2002E+05
  2.4369E+01,  1.5904E+06,  1.0169E+05
  2.4642E+01,  1.5628E+06,  1.0169E+05
  2.4918E+01,  1.5349E+06,  1.0169E+05
  2.5197E+01,  1.5067E+06,  1.0169E+05
  2.5479E+01,  1.4781E+06,  1.0170E+05
  2.5765E+01,  1.4493E+06,  1.0171E+05
  2.6053E+01,  1.4201E+06,  1.0171E+05
  2.6345E+01,  1.3906E+06,  1.0171E+05
  2.6640E+01,  1.3607E+06,  9.8082E+04
  2.6939E+01,  1.3316E+06,  8.2224E+04
  2.7240E+01,  1.3070E+06,  8.2224E+04
  2.7545E+01,  1.2820E+06,  8.2226E+04
  2.7854E+01,  1.2568E+06,  8.2228E+04
  2.8166E+01,  1.2313E+06,  8.2228E+04
  2.8481E+01,  1.2055E+06,  8.2228E+04
  2.8800E+01,  1.1794E+06,  8.2228E+04
  2.9123E+01,  1.1530E+06,  8.2228E+04
  2.9449E+01,  1.1263E+06,  8.2228E+04
  2.9779E+01,  1.0994E+06,  8.0229E+04
  3.0113E+01,  1.0728E+06,  5.5590E+04
  3.0450E+01,  1.0541E+06,  5.5597E+04
  3.0791E+01,  1.0353E+06,  5.5597E+04
  3.1136E+01,  1.0162E+06,  5.5597E+04
  3.1485E+01,  9.9690E+05,  5.5597E+04
  3.1837E+01,  9.7741E+05,  5.5597E+04
  3.2194E+01,  9.5769E+05,  5.4994E+04
  3.2554E+01,  9.3797E+05,  5.4184E+04
  3.2919E+01,  9.1833E+05,  5.4184E+04
  3.3288E+01,  8.9846E+05,  5.4197E+04
  3.3661E+01,  8.7837E+05,  5.4198E+04
  3.4038E+01,  8.5805E+05,  5.4198E+04
  3.4419E+01,  8.3750E+05,  5.0081E+04
  3.4804E+01,  8.1830E+05,  3.6750E+04
  3.5194E+01,  8.0405E+05,  3.6750E+04
  3.5588E+01,  7.8965E+05,  3.6750E+04
  3.5987E+01,  7.7508E+05,  3.6750E+04
  3.6390E+01,  7.6035E+05,  3.6750E+04
  3.6798E+01,  7.4546E+05,  3.6759E+04
  3.7210E+01,  7.3039E+05,  3.6775E+04
  3.7626E+01,  7.1515E+05,  3.6683E+04
  3.8048E+01,  6.9978E+05,  3.5301E+04
  3.8474E+01,  6.8482E+05,  3.5301E+04
  3.8905E+01,  6.6969E+05,  3.5301E+04
  3.9341E+01,  6.5439E+05,  3.5298E+04
  3.9781E+01,  6.3892E+05,  3.5288E+04
  4.0227E+01,  6.2329E+05,  3.5288E+04
  4.0678E+01,  6.0748E+05,  3.5288E+04
  4.1133E+01,  5.9149E+05,  2.9259E+04
  4.1594E+01,  5.7808E+05,  2.4754E+04
  4.2060E+01,  5.6662E+05,  2.4754E+04
  4.2531E+01,  5.5502E+05,  2.4754E+04
  4.3007E+01,  5.4329E+05,  2.4759E+04
  4.3489E+01,  5.3143E+05,  2.4790E+04
  4.3976E+01,  5.1943E+05,  2.4790E+04
  4.4469E+01,  5.0728E+05,  2.4790E+04
  4.4967E+01,  4.9500E+05,  2.3768E+04
  4.5470E+01,  4.8310E+05,  1.8766E+04
  4.5980E+01,  4.7360E+05,  1.8766E+04
  4.6495E+01,  4.6399E+05,  1.8766E+04
  4.7015E+01,  4.5427E+05,  1.8748E+04
  4.7542E+01,  4.4445E+05,  1.8739E+04
  4.8074E+01,  4.3453E+05,  1.8739E+04
  4.8613E+01,  4.2449E+05,  1.8739E+04
  4.9157E+01,  4.1435E+05,  1.8739E+04
  4.9708E+01,  4.0409E+05,  1.5432E+04
  5.0265E+01,  3.9554E+05,  1.4089E+04
  5.0828E+01,  3.8766E+05,  1.4089E+04
  5.1397E+01,  3.7968E+05,  1.4089E+04
  5.1973E+01,  3.7161E+05,  1.4089E+04
  5.2555E+01,  3.6346E+05,  1.4089E+04
  5.3143E+01,  3.5521E+05,  1.4120E+04
  5.3739E+01,  3.4685E+05,  1.4121E+04
  5.4340E+01,  3.3840E+05,  1.4121E+04
  5.4949E+01,  3.2985E+05,  1.3636E+04
  5.5565E+01,  3.2151E+05,  1.2004E+04
  5.6187E+01,  3.1408E+05,  1.2003E+04
  5.6816E+01,  3.0657E+05,  1.2000E+04
  5.7453E+01,  2.9897E+05,  1.2000E+04
  5.8096E+01,  2.9130E+05,  1.2000E+04
  5.8747E+01,  2.8353E+05,  1.1248E+04
  5.9405E+01,  2.7617E+05,  8.8051E+03
  6.0070E+01,  2.7034E+05,  8.8051E+03
  6.0743E+01,  2.6445E+05,  8.8051E+03
  6.1423E+01,  2.5850E+05,  8.8051E+03
  6.2111E+01,  2.5247E+05,  8.8054E+03
  6.2807E+01,  2.4638E+05,  8.8077E+03
  6.3510E+01,  2.4022E+05,  8.7772E+03
  6.4222E+01,  2.3401E+05,  8.2574E+03
  6.4941E+01,  2.2810E+05,  8.2574E+03
  6.5669E+01,  2.2213E+05,  8.2574E+03
  6.6404E+01,  2.1609E+05,  8.2574E+03
  6.7148E+01,  2.0998E+05,  8.2574E+03
  6.7900E+01,  2.0381E+05,  8.2425E+03
  6.8660E+01,  1.9758E+05,  6.7347E+03
  6.9429E+01,  1.9242E+05,  4.5649E+03
  7.0207E+01,  1.8889E+05,  4.5649E+03
  7.0993E+01,  1.8532E+05,  4.5649E+03
  7.1789E+01,  1.8172E+05,  4.5649E+03
  7.2593E+01,  1.7807E+05,  4.5649E+03
  7.3406E+01,  1.7437E+05,  4.5649E+03
  7.4228E+01,  1.7064E+05,  4.5649E+03
  7.5059E+01,  1.6687E+05,  4.5733E+03
  7.5900E+01,  1.6304E+05,  4.5854E+03
  7.6750E+01,  1.5917E+05,  4.5064E+03
  7.7610E+01,  1.5532E+05,  4.2343E+03
  7.8479E+01,  1.5166E+05,  4.2343E+03
  7.9358E+01,  1.4795E+05,  4.2343E+03
  8.0247E+01,  1.4421E+05,  4.2027E+03
  8.1146E+01,  1.4046E+05,  4.1897E+03
  8.2055E+01,  1.3667E+05,  3.5846E+03
  8.2974E+01,  1.3339E+05,  3.2255E+03
  8.3903E+01,  1.3041E+05,  3.2255E+03
  8.4843E+01,  1.2740E+05,  3.2255E+03
  8.5793E+01,  1.2435E+05,  3.2255E+03
  8.6754E+01,  1.2127E+05,  3.2255E+03
  8.7726E+01,  1.1815E+05,  3.2308E+03
  8.8708E+01,  1.1499E+05,  3.2338E+03
  8.9702E+01,  1.1180E+05,  3.0863E+03
  9.0706E+01,  1.0871E+05,  2.5553E+03
  9.1722E+01,  1.0613E+05,  2.5553E+03
  9.2750E+01,  1.0352E+05,  2.5553E+03
  9.3789E+01,  1.0088E+05,  2.5553E+03
  9.4839E+01,  9.8214E+04,  2.5500E+03
  9.5901E+01,  9.5520E+04,  2.5332E+03
  9.6975E+01,  9.2814E+04,  2.2278E+03
  9.8062E+01,  9.0408E+04,  1.7393E+03
  9.9160E+01,  8.8508E+04,  1.7393E+03
  1.0027E+02,  8.6587E+04,  1.7393E+03
  1.0139E+02,  8.4645E+04,  1.7393E+03
  1.0253E+02,  8.2681E+04,  1.7393E+03
  1.0368E+02,  8.0694E+04,  1.7393E+03
  1.0484E+02,  7.8686E+04,  1.7326E+03
  1.0601E+02,  7.6663E+04,  1.7238E+03
  1.0720E+02,  7.4627E+04,  1.6251E+03
  1.0840E+02,  7.2687E+04,  1.6033E+03
  1.0962E+02,  7.0751E+04,  1.6033E+03
  1.1084E+02,  6.8794E+04,  1.6033E+03
  1.1208E+02,  6.6814E+04,  1.6033E+03
  1.1334E+02,  6.4813E+04,  1.3131E+03
  1.1461E+02,  6.3155E+04,  1.0575E+03
  1.1589E+02,  6.1805E+04,  1.0575E+03
  1.1719E+02,  6.0440E+04,  1.0406E+03
  1.1850E+02,  5.9082E+04,  1.0314E+03
  1.1983E+02,  5.7720E+04,  1.0314E+03
  1.2117E+02,  5.6344E+04,  1.0314E+03
  1.2253E+02,  5.4952E+04,  1.0062E+03
  1.2390E+02,  5.3578E+04,  9.5861E+02
  1.2529E+02,  5.2256E+04,  9.5859E+02
  1.2669E+02,  5.0918E+04,  9.5837E+02
  1.2811E+02,  4.9565E+04,  9.5837E+02
  1.2955E+02,  4.8198E+04,  9.5837E+02
  1.3100E+02,  4.6815E+04,  9.5837E+02
  1.3247E+02,  4.5417E+04,  8.0225E+02
  1.3395E+02,  4.4233E+04,  7.3343E+02
  1.3545E+02,  4.3139E+04,  7.1526E+02
  1.3697E+02,  4.2060E+04,  7.1522E+02
  1.3850E+02,  4.0969E+04,  7.1522E+02
  1.4005E+02,  3.9865E+04,  7.1522E+02
  1.4162E+02,  3.8750E+04,  7.1522E+02
  1.4321E+02,  3.7621E+04,  6.9527E+02
  1.4481E+02,  3.6512E+04,  5.6014E+02
  1.4643E+02,  3.5609E+04,  5.6014E+02
  1.4807E+02,  3.4695E+04,  5.5954E+02
  1.4973E+02,  3.3773E+04,  5.5940E+02
  1.5141E+02,  3.2840E+04,  5.5940E+02
  1.5311E+02,  3.1896E+04,  5.5941E+02
  1.5482E+02,  3.0942E+04,  5.5941E+02
  1.5655E+02,  2.9978E+04,  5.5941E+02
  1.5831E+02,  2.9002E+04,  4.1813E+02
  1.6008E+02,  2.8265E+04,  3.9909E+02
  1.6187E+02,  2.7553E+04,  3.9153E+02
  1.6369E+02,  2.6847E+04,  3.9153E+02
  1.6552E+02,  2.6134E+04,  3.9153E+02
  1.6737E+02,  2.5412E+04,  3.7501E+02
  1.6925E+02,  2.4713E+04,  3.7174E+02
  1.7114E+02,  2.4012E+04,  3.7175E+02
  1.7306E+02,  2.3303E+04,  3.7175E+02
  1.7500E+02,  2.2587E+04,  3.6660E+02
  1.7696E+02,  2.1872E+04,  2.3096E+02
  1.7894E+02,  2.1417E+04,  2.3009E+02
  1.8095E+02,  2.0958E+04,  2.3010E+02
  1.8297E+02,  2.0495E+04,  2.3010E+02
  1.8502E+02,  2.0026E+04,  2.3009E+02
  1.8709E+02,  1.9551E+04,  2.3009E+02
  1.8919E+02,  1.9072E+04,  2.3009E+02
  1.9131E+02,  1.8587E+04,  2.3009E+02
  1.9345E+02,  1.8097E+04,  2.2843E+02
  1.9562E+02,  1.7605E+04,  2.2503E+02
  1.9781E+02,  1.7114E+04,  2.2504E+02
  2.0003E+02,  1.6618E+04,  2.2504E+02
  2.0227E+02,  1.6117E+04,  2.2504E+02
  2.0453E+02,  1.5610E+04,  2.2504E+02
  2.0682E+02,  1.5097E+04,  2.2504E+02
  2.0914E+02,  1.4579E+04,  2.2505E+02
  2.1148E+02,  1.4055E+04,  2.2504E+02
  2.1385E+02,  1.3525E+04,  2.2504E+02
  2.1624E+02,  1.2989E+04,  1.5359E+02
  2.1867E+02,  1.2619E+04,  1.2081E+02
  2.2112E+02,  1.2325E+04,  1.2081E+02
  2.2359E+02,  1.2027E+04,  1.2081E+02
  2.2610E+02,  1.1726E+04,  1.2081E+02
  2.2863E+02,  1.1422E+04,  1.2082E+02
  2.3119E+02,  1.1114E+04,  1.1839E+02
  2.3378E+02,  1.0809E+04,  1.1709E+02
  2.3640E+02,  1.0504E+04,  1.1709E+02
  2.3905E+02,  1.0196E+04,  1.1709E+02
  2.4172E+02,  9.8844E+03,  1.1709E+02
  2.4443E+02,  9.5692E+03,  1.1709E+02
  2.4717E+02,  9.2504E+03,  1.1709E+02
  2.4994E+02,  8.9281E+03,  1.1694E+02
  2.5274E+02,  8.6025E+03,  1.1653E+02
  2.5557E+02,  8.2745E+03,  1.1653E+02
  2.5843E+02,  7.9428E+03,  9.2752E+01
  2.6132E+02,  7.6758E+03,  5.7948E+01
  2.6425E+02,  7.5071E+03,  5.7948E+01
  2.6721E+02,  7.3366E+03,  5.7948E+01
  2.7020E+02,  7.1641E+03,  5.6163E+01
  2.7323E+02,  6.9951E+03,  5.3843E+01
  2.7629E+02,  6.8312E+03,  5.3844E+01
  2.7938E+02,  6.6655E+03,  5.3844E+01
  2.8251E+02,  6.4980E+03,  5.3844E+01
  2.8568E+02,  6.3286E+03,  5.3844E+01
  2.8888E+02,  6.1572E+03,  5.3843E+01
  2.9211E+02,  5.9840E+03,  5.3843E+01
  2.9539E+02,  5.8088E+03,  5.3843E+01
  2.9869E+02,  5.6317E+03,  5.3850E+01
  3.0204E+02,  5.4525E+03,  5.3826E+01
  3.0542E+02,  5.2714E+03,  5.3473E+01
  3.0884E+02,  5.0895E+03,  5.3473E+01
  3.1230E+02,  4.9056E+03,  5.3475E+01
  3.1580E+02,  4.7196E+03,  5.3476E+01
  3.1934E+02,  4.5315E+03,  5.3476E+01
  3.2291E+02,  4.3413E+03,  5.3054E+01
  3.2653E+02,  4.1505E+03,  5.2353E+01
  3.3019E+02,  3.9601E+03,  5.2351E+01
  3.3389E+02,  3.7675E+03,  5.2356E+01
  3.3763E+02,  3.5728E+03,  2.6354E+01
  3.4141E+02,  3.4737E+03,  1.9834E+01
  3.4523E+02,  3.3983E+03,  1.9834E+01
  3.4910E+02,  3.3220E+03,  1.9834E+01
  3.5301E+02,  3.2449E+03,  1.9843E+01
  3.5696E+02,  3.1669E+03,  1.9210E+01
  3.6096E+02,  3.0905E+03,  1.9046E+01
  3.6500E+02,  3.0139E+03,  1.9046E+01
  3.6909E+02,  2.9365E+03,  1.9046E+01
  3.7323E+02,  2.8582E+03,  1.9045E+01
  3.7741E+02,  2.7790E+03,  1.9040E+01
  3.8163E+02,  2.6990E+03,  1.9040E+01
  3.8591E+02,  2.6181E+03,  1.8303E+01
  3.9023E+02,  2.5394E+03,  1.8130E+01
  3.9460E+02,  2.4606E+03,  1.8132E+01
  3.9902E+02,  2.3809E+03,  1.8132E+01
  4.0349E+02,  2.3003E+03,  1.8132E+01
  4.0801E+02,  2.2188E+03,  1.8138E+01
  4.1258E+02,  2.1364E+03,  1.8144E+01
  4.1720E+02,  2.0530E+03,  1.8144E+01
  4.2187E+02,  1.9687E+03,  1.8131E+01
  4.2660E+02,  1.8835E+03,  1.7993E+01
  4.3138E+02,  1.7980E+03,  1.7993E+01
  4.3621E+02,  1.7116E+03,  1.7994E+01
  4.4109E+02,  1.6241E+03,  1.7992E+01
  4.4603E+02,  1.5357E+03,  1.7990E+01
  4.5103E+02,  1.4464E+03,  1.7561E+01
  4.5608E+02,  1.3582E+03,  1.7346E+01
  4.6119E+02,  1.2700E+03,  1.7346E+01
  4.6636E+02,  1.1809E+03,  1.7346E+01
  4.7158E+02,  1.0908E+03,  1.7346E+01
  4.7686E+02,  9.9973E+02,  1.7349E+01
  4.8220E+02,  9.0758E+02,  1.7349E+01
  4.8760E+02,  8.1440E+02,  1.7324E+01
  4.9306E+02,  7.2032E+02,  1.7265E+01
  4.9859E+02,  6.2550E+02,  1.7266E+01
  5.0417E+02,  5.2962E+02,  1.7266E+01
  5.0982E+02,  4.3266E+02,  1.7260E+01
  5.1553E+02,  3.3465E+02,  1.0247E+01
  5.2130E+02,  2.7581E+02,  1.1501E+00
  5.2714E+02,  2.6914E+02,  1.0299E+00
  5.3305E+02,  2.6309E+02,  8.9352E-01
  5.3902E+02,  2.5778E+02,  8.9344E-01
  5.4505E+02,  2.5242E+02,  8.9344E-01
  5.5116E+02,  2.4700E+02,  8.9380E-01
  5.5733E+02,  2.4151E+02,  8.9389E-01
  5.6357E+02,  2.3596E+02,  8.8972E-01
  5.6989E+02,  2.3038E+02,  8.8989E-01
  5.7627E+02,  2.2473E+02,  7.5173E-01
  5.8272E+02,  2.1990E+02,  7.0943E-01
  5.8925E+02,  2.1530E+02,  7.1007E-01
  5.9585E+02,  2.1064E+02,  7.1151E-01
  6.0252E+02,  2.0592E+02,  7.1151E-01
  6.0927E+02,  2.0114E+02,  7.0565E-01
  6.1610E+02,  1.9635E+02,  7.0269E-01
  6.2300E+02,  1.9153E+02,  7.0267E-01
  6.2998E+02,  1.8665E+02,  6.2031E-01
  6.3703E+02,  1.8230E+02,  5.0736E-01
  6.4417E+02,  1.7870E+02,  5.0769E-01
  6.5138E+02,  1.7506E+02,  5.0802E-01
  6.5868E+02,  1.7137E+02,  5.0802E-01
  6.6605E+02,  1.6765E+02,  5.0135E-01
  6.7351E+02,  1.6393E+02,  4.8581E-01
  6.8106E+02,  1.6028E+02,  4.8643E-01
  6.8869E+02,  1.5659E+02,  4.8716E-01
  6.9640E+02,  1.5286E+02,  4.8983E-01
  7.0420E+02,  1.4906E+02,  4.2149E-01
  7.1209E+02,  1.4575E+02,  3.3760E-01
  7.2006E+02,  1.4307E+02,  3.3357E-01
  7.2813E+02,  1.4040E+02,  3.2785E-01
  7.3628E+02,  1.3774E+02,  3.2783E-01
  7.4453E+02,  1.3505E+02,  3.2766E-01
  7.5287E+02,  1.3233E+02,  3.1674E-01
  7.6130E+02,  1.2968E+02,  3.1377E-01
  7.6983E+02,  1.2702E+02,  3.1355E-01
  7.7845E+02,  1.2433E+02,  3.1387E-01
  7.8717E+02,  1.2161E+02,  3.1394E-01
  7.9599E+02,  1.1885E+02,  3.1394E-01
  8.0490E+02,  1.1607E+02,  3.1391E-01
  8.1392E+02,  1.1326E+02,  3.1391E-01
  8.2303E+02,  1.1041E+02,  3.1331E-01
  8.3225E+02,  1.0754E+02,  3.1240E-01
  8.4157E+02,  1.0464E+02,  3.1271E-01
  8.5100E+02,  1.0171E+02,  3.1360E-01
  8.6053E+02,  9.8739E+01,  2.7109E-01
  8.7017E+02,  9.6141E+01,  1.9542E-01
  8.7992E+02,  9.4246E+01,  1.9542E-01
  8.8977E+02,  9.2331E+01,  1.9546E-01
  8.9974E+02,  9.0394E+01,  1.9296E-01
  9.0982E+02,  8.8461E+01,  1.9059E-01
  9.2001E+02,  8.6529E+01,  1.9086E-01
  9.3031E+02,  8.4573E+01,  1.9099E-01
  9.4073E+02,  8.2594E+01,  1.9093E-01
  9.5127E+02,  8.0594E+01,  1.9093E-01
  9.6192E+02,  7.8571E+01,  1.8839E-01
  9.7270E+02,  7.6552E+01,  1.8804E-01
  9.8359E+02,  7.4515E+01,  1.8693E-01
  9.9461E+02,  7.2467E+01,  1.8408E-01
  1.0057E+03,  7.0428E+01,  1.8278E-01
  1.0170E+03,  6.8381E+01,  1.6741E-01
  1.0284E+03,  6.6484E+01,  1.1800E-01
  1.0399E+03,  6.5133E+01,  1.1800E-01
  1.0516E+03,  6.3766E+01,  1.1800E-01
  1.0633E+03,  6.2384E+01,  1.1800E-01
  1.0753E+03,  6.0986E+01,  1.1224E-01
  1.0873E+03,  5.9642E+01,  1.0841E-01
  1.0995E+03,  5.8329E+01,  1.0835E-01
  1.1118E+03,  5.7002E+01,  1.0835E-01
  1.1242E+03,  5.5661E+01,  1.0836E-01
  1.1368E+03,  5.4304E+01,  1.0836E-01
  1.1496E+03,  5.2932E+01,  1.0795E-01
  1.1624E+03,  5.1549E+01,  1.0771E-01
  1.1755E+03,  5.0155E+01,  1.0679E-01
  1.1886E+03,  4.8757E+01,  1.0665E-01
  1.2019E+03,  4.7345E+01,  1.0653E-01
  1.2154E+03,  4.5919E+01,  1.0654E-01
  1.2290E+03,  4.4476E+01,  1.0600E-01
  1.2428E+03,  4.3025E+01,  1.0473E-01
  1.2567E+03,  4.1575E+01,  1.0487E-01
  1.2708E+03,  4.0108E+01,  8.6027E-02
  1.2850E+03,  3.8890E+01,  7.9706E-02
  1.2994E+03,  3.7749E+01,  7.9451E-02
  1.3140E+03,  3.6599E+01,  7.9380E-02
  1.3287E+03,  3.5438E+01,  7.9394E-02
  1.3436E+03,  3.4263E+01,  7.9184E-02
  1.3586E+03,  3.3078E+01,  7.8899E-02
  1.3738E+03,  3.1884E+01,  7.8900E-02
  1.3892E+03,  3.0676E+01,  7.8925E-02
  1.4048E+03,  2.9455E+01,  7.8595E-02
  1.4205E+03,  2.8225E+01,  7.8291E-02
  1.4364E+03,  2.6987E+01,  7.8167E-02
  1.4525E+03,  2.5736E+01,  7.7603E-02
  1.4688E+03,  2.4481E+01,  7.6556E-02
  1.4852E+03,  2.3228E+01,  7.6481E-02
  1.5019E+03,  2.1963E+01,  7.6423E-02
  1.5187E+03,  2.0685E+01,  7.6136E-02
  1.5357E+03,  1.9397E+01,  7.3973E-02
  1.5529E+03,  1.8131E+01,  2.4051E-02
  1.5703E+03,  1.7715E+01,  1.4520E-02
  1.5879E+03,  1.7462E+01,  1.4377E-02
  1.6057E+03,  1.7207E+01,  1.3875E-02
  1.6236E+03,  1.6959E+01,  1.4110E-02
  1.6418E+03,  1.6704E+01,  1.4250E-02
  1.6602E+03,  1.6443E+01,  1.4158E-02
  1.6788E+03,  1.6182E+01,  1.3733E-02
  1.6976E+03,  1.5925E+01,  1.1728E-02
  1.7166E+03,  1.5703E+01,  1.1658E-02
  1.7359E+03,  1.5480E+01,  1.1473E-02
  1.7553E+03,  1.5258E+01,  1.1172E-02
  1.7750E+03,  1.5040E+01,  1.1140E-02
  1.7948E+03,  1.4820E+01,  1.1119E-02
  1.8149E+03,  1.4597E+01,  1.1093E-02
  1.8353E+03,  1.4373E+01,  1.1244E-02
  1.8558E+03,  1.4143E+01,  1.1275E-02
  1.8766E+03,  1.3910E+01,  1.0949E-02
  1.8976E+03,  1.3681E+01,  9.3841E-03
  1.9189E+03,  1.3483E+01,  9.0278E-03
  1.9404E+03,  1.3290E+01,  8.9637E-03
  1.9621E+03,  1.3096E+01,  8.8672E-03
  1.9841E+03,  1.2903E+01,  8.6704E-03
  2.0063E+03,  1.2711E+01,  8.5614E-03
  2.0288E+03,  1.2520E+01,  8.2079E-03
  2.0515E+03,  1.2334E+01,  7.9779E-03
  2.0745E+03,  1.2152E+01,  8.0023E-03
  2.0977E+03,  1.1967E+01,  8.0113E-03
  2.1212E+03,  1.1780E+01,  7.9922E-03
  2.1450E+03,  1.1591E+01,  7.9135E-03
  2.1690E+03,  1.1402E+01,  6.7463E-03
  2.1933E+03,  1.1239E+01,  6.5883E-03
  2.2179E+03,  1.1078E+01,  6.5999E-03
  2.2427E+03,  1.0915E+01,  6.4116E-03
  2.2678E+03,  1.0755E+01,  6.3069E-03
  2.2932E+03,  1.0595E+01,  6.3088E-03
  2.3189E+03,  1.0434E+01,  6.2536E-03
  2.3449E+03,  1.0273E+01,  5.8299E-03
  2.3711E+03,  1.0120E+01,  5.8357E-03
  2.3977E+03,  9.9664E+00,  5.7729E-03
  2.4246E+03,  9.8122E+00,  5.6584E-03
  2.4517E+03,  9.6594E+00,  5.6581E-03
  2.4792E+03,  9.5049E+00,  5.4899E-03
  2.5069E+03,  9.3533E+00,  5.3833E-03
  2.5350E+03,  9.2030E+00,  5.0195E-03
  2.5634E+03,  9.0612E+00,  4.6562E-03
  2.5921E+03,  8.9283E+00,  4.6555E-03
  2.6212E+03,  8.7939E+00,  4.6103E-03
  2.6505E+03,  8.6593E+00,  4.4910E-03
  2.6802E+03,  8.5267E+00,  4.4854E-03
  2.7102E+03,  8.3928E+00,  4.4346E-03
  2.7406E+03,  8.2589E+00,  4.4139E-03
  2.7713E+03,  8.1242E+00,  4.0369E-03
  2.8023E+03,  7.9996E+00,  4.0364E-03
  2.8337E+03,  7.8736E+00,  3.9897E-03
  2.8654E+03,  7.7477E+00,  3.9146E-03
  2.8975E+03,  7.6228E+00,  3.7916E-03
  2.9300E+03,  7.5004E+00,  3.6955E-03
  2.9628E+03,  7.3798E+00,  3.6507E-03
  2.9960E+03,  7.2593E+00,  3.4300E-03
  3.0296E+03,  7.1449E+00,  3.3420E-03
  3.0635E+03,  7.0321E+00,  3.2710E-03
  3.0978E+03,  6.9205E+00,  3.2073E-03
  3.1325E+03,  6.8098E+00,  3.2194E-03
  3.1676E+03,  6.6975E+00,  3.2034E-03
  3.2031E+03,  6.5845E+00,  3.1258E-03
  3.2389E+03,  6.4730E+00,  3.1255E-03
  3.2752E+03,  6.3602E+00,  2.9951E-03
  3.3119E+03,  6.2509E+00,  2.9291E-03
  3.3490E+03,  6.1429E+00,  2.8931E-03
  3.3865E+03,  6.0350E+00,  2.8609E-03
  3.4244E+03,  5.9271E+00,  2.7944E-03
  3.4628E+03,  5.8205E+00,  2.5170E-03
  3.5016E+03,  5.7234E+00,  2.4008E-03
  3.5408E+03,  5.6298E+00,  2.3800E-03
  3.5805E+03,  5.5359E+00,  2.3754E-03
  3.6206E+03,  5.4412E+00,  2.3654E-03
  3.6611E+03,  5.3458E+00,  2.3624E-03
  3.7021E+03,  5.2495E+00,  2.3916E-03
  3.7436E+03,  5.1508E+00,  2.3262E-03
  3.7855E+03,  5.0538E+00,  2.2535E-03
  3.8279E+03,  4.9588E+00,  2.2428E-03
  3.8708E+03,  4.8632E+00,  2.2235E-03
  3.9141E+03,  4.7673E+00,  2.0107E-03
  3.9580E+03,  4.6797E+00,  1.7602E-03
  4.0023E+03,  4.6021E+00,  1.7350E-03
  4.0471E+03,  4.5247E+00,  1.7327E-03
  4.0925E+03,  4.4466E+00,  1.7245E-03
  4.1383E+03,  4.3680E+00,  1.6804E-03
  4.1847E+03,  4.2906E+00,  1.6534E-03
  4.2315E+03,  4.2135E+00,  1.6647E-03
  4.2789E+03,  4.1350E+00,  1.7149E-03
  4.3268E+03,  4.0533E+00,  1.7124E-03
  4.3753E+03,  3.9708E+00,  1.7114E-03
  4.4243E+03,  3.8874E+00,  1.6681E-03
  4.4739E+03,  3.8052E+00,  1.5885E-03
  4.5240E+03,  3.7260E+00,  1.5822E-03
  4.5747E+03,  3.6463E+00,  1.5054E-03
  4.6259E+03,  3.5696E+00,  1.4149E-03
  4.6777E+03,  3.4967E+00,  1.4036E-03
  4.7301E+03,  3.4236E+00,  1.3802E-03
  4.7831E+03,  3.3509E+00,  1.3448E-03
  4.8366E+03,  3.2792E+00,  1.3297E-03
  4.8908E+03,  3.2076E+00,  1.3013E-03
  4.9456E+03,  3.1367E+00,  1.2989E-03
  5.0010E+03,  3.0651E+00,  1.2863E-03
  5.0570E+03,  2.9935E+00,  1.2601E-03
  5.1136E+03,  2.9225E+00,  1.1032E-03
  5.1709E+03,  2.8597E+00,  1.0028E-03
  5.2288E+03,  2.8019E+00,  9.9931E-04
  5.2874E+03,  2.7437E+00,  9.9345E-04
  5.3466E+03,  2.6852E+00,  9.7364E-04
  5.4065E+03,  2.6272E+00,  9.4068E-04
  5.4671E+03,  2.5706E+00,  8.6473E-04
  5.5283E+03,  2.5179E+00,  8.1653E-04
  5.5902E+03,  2.4677E+00,  8.1607E-04
  5.6528E+03,  2.4169E+00,  8.3036E-04
  5.7161E+03,  2.3646E+00,  8.3225E-04
  5.7802E+03,  2.3116E+00,  8.2159E-04
  5.8449E+03,  2.2587E+00,  8.0964E-04
  5.9104E+03,  2.2060E+00,  8.0094E-04
  5.9766E+03,  2.1533E+00,  7.8975E-04
  6.0435E+03,  2.1007E+00,  7.5571E-04
  6.1112E+03,  2.0498E+00,  7.4762E-04
  6.1797E+03,  1.9989E+00,  7.9914E-04
  6.2489E+03,  1.9439E+00,  6.9966E-04
  6.3189E+03,  1.8952E+00,  6.8742E-04
  6.3896E+03,  1.8468E+00,  6.1367E-04
  6.4612E+03,  1.8032E+00,  5.8081E-04
  6.5336E+03,  1.7614E+00,  5.6795E-04
  6.6068E+03,  1.7200E+00,  5.6742E-04
  6.6808E+03,  1.6783E+00,  5.6511E-04
  6.7556E+03,  1.6362E+00,  5.6662E-04
  6.8312E+03,  1.5936E+00,  5.6860E-04
  6.9078E+03,  1.5503E+00,  5.6072E-04
  6.9851E+03,  1.5072E+00,  5.5128E-04
  7.0634E+03,  1.4643E+00,  5.5140E-04
  7.1425E+03,  1.4209E+00,  5.8196E-04
  7.2225E+03,  1.3746E+00,  8.0335E-04
  7.3034E+03,  1.3100E+00,  6.9575E-04
  7.3852E+03,  1.2534E+00,  3.5883E-04
  7.4679E+03,  1.2239E+00,  2.7485E-04
  7.5515E+03,  1.2010E+00,  2.7339E-04
  7.6361E+03,  1.1780E+00,  2.7325E-04
  7.7216E+03,  1.1548E+00,  2.7104E-04
  7.8081E+03,  1.1315E+00,  2.6961E-04
  7.8956E+03,  1.1080E+00,  2.6577E-04
  7.9840E+03,  1.0847E+00,  2.6016E-04
  8.0734E+03,  1.0615E+00,  2.5762E-04
  8.1639E+03,  1.0384E+00,  2.5627E-04
  8.2553E+03,  1.0151E+00,  2.5476E-04
  8.3478E+03,  9.9163E-01,  2.5455E-04
  8.4413E+03,  9.6797E-01,  2.5431E-04
  8.5358E+03,  9.4405E-01,  2.5323E-04
  8.6314E+03,  9.1998E-01,  2.3915E-04
  8.7281E+03,  8.9699E-01,  2.0882E-04
  8.8259E+03,  8.7669E-01,  2.0604E-04
  8.9247E+03,  8.5643E-01,  2.0603E-04
  9.0247E+03,  8.3595E-01,  2.0255E-04
  9.1258E+03,  8.1559E-01,  2.0232E-04
  9.2280E+03,  7.9503E-01,  2.0320E-04
  9.3313E+03,  7.7414E-01,  2.0721E-04
  9.4358E+03,  7.5261E-01,  1.8943E-04
  9.5415E+03,  7.3270E-01,  1.8917E-04
  9.6484E+03,  7.1259E-01,  1.6125E-04
  9.7565E+03,  6.9527E-01,  1.6121E-04
  9.8657E+03,  6.7775E-01,  1.6120E-04
  9.9762E+03,  6.6003E-01,  1.5831E-04
  1.0088E+04,  6.4244E-01,  1.4881E-04
  1.0201E+04,  6.2572E-01,  1.1973E-04
  1.0315E+04,  6.1212E-01,  1.1728E-04
  1.0431E+04,  5.9864E-01,  1.1720E-04
  1.0548E+04,  5.8503E-01,  1.1714E-04
  1.0666E+04,  5.7127E-01,  1.1698E-04
  1.0785E+04,  5.5737E-01,  1.1609E-04
  1.0906E+04,  5.4342E-01,  1.1354E-04
  1.1028E+04,  5.2963E-01,  1.1197E-04
  1.1152E+04,  5.1588E-01,  1.0907E-04
  1.1277E+04,  5.0233E-01,  1.0988E-04
  1.1403E+04,  4.8853E-01,  1.0928E-04
  1.1531E+04,  4.7465E-01,  1.0831E-04
  1.1660E+04,  4.6074E-01,  1.0285E-04
  1.1790E+04,  4.4738E-01,  8.5856E-05
  1.1922E+04,  4.3611E-01,  8.8712E-05
  1.2056E+04,  4.2433E-01,  7.3578E-05
  1.2191E+04,  4.1445E-01,  7.3475E-05
  1.2328E+04,  4.0447E-01,  7.3060E-05
  1.2466E+04,  3.9444E-01,  7.3210E-05
  1.2605E+04,  3.8427E-01,  7.1807E-05
  1.2746E+04,  3.7419E-01,  7.1018E-05
  1.2889E+04,  3.6411E-01,  7.0254E-05
  1.3034E+04,  3.5402E-01,  7.0621E-05
  1.3180E+04,  3.4377E-01,  6.9615E-05
  1.3327E+04,  3.3355E-01,  6.9127E-05
  1.3476E+04,  3.2329E-01,  6.3825E-05
  1.3627E+04,  3.1371E-01,  5.9929E-05
  1.3780E+04,  3.0462E-01,  6.0127E-05
  1.3934E+04,  2.9539E-01,  7.1107E-05
  1.4090E+04,  2.8435E-01,  5.8731E-05
  1.4248E+04,  2.7513E-01,  4.8816E-05
  1.4408E+04,  2.6739E-01,  4.8518E-05
  1.4569E+04,  2.5960E-01,  4.3468E-05
  1.4732E+04,  2.5255E-01,  4.0261E-05
  1.4897E+04,  2.4594E-01,  4.0172E-05
  1.5064E+04,  2.3928E-01,  4.0117E-05
  1.5233E+04,  2.3254E-01,  4.0051E-05
  1.5404E+04,  2.2575E-01,  3.9649E-05
  1.5576E+04,  2.1895E-01,  3.9522E-05
  1.5751E+04,  2.1209E-01,  3.7980E-05
  1.5927E+04,  2.0543E-01,  3.1430E-05
  1.6105E+04,  1.9985E-01,  3.1435E-05
  1.6286E+04,  1.9421E-01,  3.2408E-05
  1.6468E+04,  1.8833E-01,  3.3607E-05
  1.6653E+04,  1.8217E-01,  2.8162E-05
  1.6839E+04,  1.7695E-01,  2.7971E-05
  1.7028E+04,  1.7170E-01,  2.7888E-05
  1.7218E+04,  1.6641E-01,  2.7688E-05
  1.7411E+04,  1.6110E-01,  2.3664E-05
  1.7606E+04,  1.5651E-01,  2.2141E-05
  1.7803E+04,  1.5217E-01,  2.2146E-05
  1.8003E+04,  1.4778E-01,  2.1957E-05
  1.8205E+04,  1.4338E-01,  2.1901E-05
  1.8408E+04,  1.3893E-01,  2.1161E-05
  1.8615E+04,  1.3460E-01,  2.0904E-05
  1.8823E+04,  1.3026E-01,  2.0895E-05
  1.9034E+04,  1.2588E-01,  2.0834E-05
  1.9247E+04,  1.2146E-01,  2.0009E-05
  1.9463E+04,  1.1718E-01,  1.7258E-05
  1.9681E+04,  1.1343E-01,  1.7126E-05
  1.9901E+04,  1.0968E-01,  1.7235E-05
  2.0124E+04,  1.0586E-01,  1.7216E-05
  2.0349E+04,  1.0200E-01,  1.6219E-05
  2.0577E+04,  9.8324E-02,  1.5364E-05
  2.0808E+04,  9.4803E-02,  1.5638E-05
  2.1041E+04,  9.1179E-02,  1.6286E-05
  2.1277E+04,  8.7362E-02,  1.6518E-05
  2.1515E+04,  8.3447E-02,  1.4770E-05
  2.1756E+04,  7.9908E-02,  1.2481E-05
  2.2000E+04,  7.6883E-02,  1.2467E-05
  2.2246E+04,  7.3828E-02,  1.2462E-05
  2.2495E+04,  7.0741E-02,  1.1926E-05
  2.2747E+04,  6.7752E-02,  1.1568E-05
  2.3002E+04,  6.4821E-02,  1.1551E-05
  2.3259E+04,  6.1862E-02,  1.0781E-05
  2.3520E+04,  5.9069E-02,  1.0357E-05
  2.3783E+04,  5.6356E-02,  1.0336E-05
  2.4050E+04,  5.3618E-02,  1.0091E-05
  2.4319E+04,  5.0915E-02,  1.0315E-05
  2.4592E+04,  4.8121E-02,  1.0479E-05
  2.4867E+04,  4.5251E-02,  9.6387E-06
  2.5146E+04,  4.2581E-02,  9.4711E-06
  2.5427E+04,  3.9928E-02,  9.5764E-06
  2.5712E+04,  3.7216E-02,  9.6476E-06
  2.6000E+04,  3.4453E-02,  9.0413E-06
  2.6291E+04,  3.1835E-02,  9.7327E-06
  2.6586E+04,  2.8985E-02,  1.0141E-05
  2.6883E+04,  2.5982E-02,  1.0228E-05
  2.7185E+04,  2.2920E-02,  1.0100E-05
  2.7489E+04,  1.9861E-02,  1.1347E-05
  2.7797E+04,  1.6387E-02,  1.3377E-05
  2.8108E+04,  1.2246E-02,  2.5433E-05
  2.8423E+04,  4.2832E-03,  9.9035E-06
  2.8741E+04,  1.1480E-03,  4.0086E-07
  2.9063E+04,  1.0197E-03,  4.3599E-07
  2.9389E+04,  8.7852E-04,  6.7971E-07
  2.9718E+04,  6.5603E-04,  2.6616E-07
  3.0051E+04,  5.6793E-04,  3.3644E-07
  3.0387E+04,  4.5532E-04,  3.7945E-07
  3.0728E+04,  3.2689E-04,  7.6957E-07
  3.1072E+04,  6.3499E-05,  1.2611E-08
  3.1420E+04,  5.9135E-05,  1.3274E-08
  3.1772E+04,  5.4489E-05,  1.4827E-08
  3.2128E+04,  4.9242E-05,  1.4778E-08
  3.2488E+04,  4.3954E-05,  1.1130E-08
  3.2852E+04,  3.9926E-05,  1.3399E-08
  3.3219E+04,  3.5024E-05,  2.1107E-08
  3.3592E+04,  2.7214E-05,  4.9095E-09
  3.3968E+04,  2.5377E-05,  3.5970E-09
  3.4348E+04,  2.4016E-05,  3.8424E-09
  3.4733E+04,  2.2546E-05,  5.4214E-09
  3.5122E+04,  2.0449E-05,  2.8705E-09
  3.5515E+04,  1.9326E-05,  2.2625E-09
  3.5913E+04,  1.8431E-05,  2.2981E-09
  3.6315E+04,  1.7512E-05,  2.2770E-09
  3.6722E+04,  1.6591E-05,  2.2831E-09
  3.7133E+04,  1.5657E-05,  2.8871E-09
  3.7549E+04,  1.4463E-05,  2.2620E-09
  3.7970E+04,  1.3517E-05,  1.4334E-09
  3.8395E+04,  1.2911E-05,  1.5024E-09
  3.8825E+04,  1.2268E-05,  1.4380E-09
  3.9260E+04,  1.1646E-05,  1.4293E-09
  3.9700E+04,  1.1021E-05,  1.9154E-09
  4.0145E+04,  1.0174E-05,  1.1133E-09
  4.0594E+04,  9.6765E-06,  8.8462E-10
  4.1049E+04,  9.2766E-06,  9.5252E-10
  4.1509E+04,  8.8411E-06,  8.2496E-10
  4.1974E+04,  8.4597E-06,  9.0428E-10
  4.2444E+04,  8.0369E-06,  9.6237E-10
  4.2919E+04,  7.5820E-06,  5.8082E-10
  4.3400E+04,  7.3043E-06,  6.0385E-10
  4.3886E+04,  7.0124E-06,  5.6630E-10
  4.4377E+04,  6.7356E-06,  5.6052E-10
  4.4874E+04,  6.4585E-06,  6.1400E-10
  4.5377E+04,  6.1517E-06,  4.0430E-10
  4.5885E+04,  5.9473E-06,  4.0702E-10
  4.6399E+04,  5.7393E-06,  3.9756E-10
  4.6919E+04,  5.5338E-06,  3.9976E-10
  4.7444E+04,  5.3249E-06,  4.0724E-10
  4.7976E+04,  5.1097E-06,  3.3276E-10
  4.8513E+04,  4.9319E-06,  3.3223E-10
  4.9057E+04,  4.7524E-06,  3.3276E-10
  4.9606E+04,  4.5706E-06,  3.4474E-10
  5.0162E+04,  4.3801E-06,  3.0848E-10
  5.0723E+04,  4.2077E-06,  3.0637E-10
  5.1292E+04,  4.0347E-06,  2.7555E-10
  5.1866E+04,  3.8772E-06,  2.7559E-10
  5.2447E+04,  3.7180E-06,  2.7053E-10
  5.3034E+04,  3.5600E-06,  2.7634E-10
  5.3628E+04,  3.3968E-06,  2.6402E-10
  5.4229E+04,  3.2391E-06,  2.5227E-10
  5.4837E+04,  3.0867E-06,  2.5449E-10
  5.5451E+04,  2.9313E-06,  2.8194E-10
  5.6072E+04,  2.7571E-06,  2.5834E-10
  5.6700E+04,  2.5958E-06,  2.2038E-10
  5.7335E+04,  2.4566E-06,  2.2409E-10
  5.7977E+04,  2.3135E-06,  2.9151E-10
  5.8626E+04,  2.1253E-06,  1.9138E-10
  5.9283E+04,  2.0003E-06,  1.8178E-10
  5.9947E+04,  1.8803E-06,  1.7058E-10
  6.0619E+04,  1.7664E-06,  2.1684E-10
  6.1297E+04,  1.6200E-06,  1.1021E-10
  6.1984E+04,  1.5447E-06,  1.1943E-10
  6.2678E+04,  1.4623E-06,  1.2822E-10
  6.3380E+04,  1.3727E-06,  1.2363E-10
  6.4090E+04,  1.2855E-06,  7.7410E-11
  6.4808E+04,  1.2302E-06,  7.1612E-11
  6.5534E+04,  1.1785E-06,  7.7703E-11
  6.6268E+04,  1.1218E-06,  6.0254E-11
  6.7010E+04,  1.0773E-06,  6.2071E-11
  6.7761E+04,  1.0310E-06,  6.6672E-11
  6.8520E+04,  9.8068E-07,  5.2797E-11
  6.9287E+04,  9.4039E-07,  5.1591E-11
  7.0063E+04,  9.0057E-07,  5.0872E-11
  7.0848E+04,  8.6087E-07,  4.9382E-11
  7.1641E+04,  8.2190E-07,  4.8144E-11
  7.2444E+04,  7.8349E-07,  4.8105E-11
  7.3255E+04,  7.4467E-07,  4.7723E-11
  7.4076E+04,  7.0573E-07,  4.3860E-11
  7.4905E+04,  6.6955E-07,  4.4478E-11
  7.5744E+04,  6.3244E-07,  4.3571E-11
  7.6593E+04,  5.9568E-07,  4.0141E-11
  7.7451E+04,  5.6144E-07,  3.9846E-11
  7.8318E+04,  5.2706E-07,  3.9187E-11
  7.9195E+04,  4.9288E-07,  3.7461E-11
  8.0082E+04,  4.5984E-07,  3.8996E-11
  8.0979E+04,  4.2505E-07,  3.7624E-11
  8.1886E+04,  3.9112E-07,  3.9192E-11
  8.2804E+04,  3.5537E-07,  4.0201E-11
  8.3731E+04,  3.1830E-07,  3.8701E-11
  8.4669E+04,  2.8220E-07,  4.6340E-11
  8.5617E+04,  2.3850E-07,  3.9036E-11
  8.6576E+04,  2.0128E-07,  4.0523E-11
  8.7546E+04,  1.6220E-07,  3.5697E-11
  8.8526E+04,  1.2739E-07,  2.2177E-11
  8.9518E+04,  1.0553E-07,  2.3485E-11
  9.0521E+04,  8.2110E-08,  2.4927E-11
  9.1534E+04,  5.6978E-08,  2.8172E-11
  9.2560E+04,  2.8256E-08,  2.1412E-11
  9.3596E+04,  6.1814E-09,  1.7459E-12
  9.4645E+04,  4.3614E-09,  3.4042E-13
  9.5705E+04,  4.0025E-09,  3.5041E-13
  9.6777E+04,  3.6290E-09,  3.5720E-13
  9.7861E+04,  3.2439E-09,  3.7532E-13
  9.8957E+04,  2.8348E-09,  4.3073E-13
  1.0007E+05,  2.3601E-09,  5.0671E-13
  1.0119E+05,  1.7953E-09,  7.6863E-13
  1.0232E+05,  9.2909E-10,  3.5471E-13
  1.0347E+05,  5.2484E-10,  3.1763E-13
  1.0462E+05,  1.5881E-10,  1.3628E-13
  1.0580E+05,  0.0000E+00,  0.0000E+00
  1.0698E+05,  0.0000E+00,  0.0000E+00
  1.0818E+05,  0.0000E+00,  0.0000E+00
  1.0939E+05,  0.0000E+00,  0.0000E+00
